11	26	3.72	1454255.16	5297406.07	338.27	1	12	AHA-DOB-A0245	AHA-DOB-A0246	70.36	17.5	5.83	AHA-DOB-A0245_AHA-DOB-A0246.jpg
21	44	3.05	1455558.03	5297061.02	39.12	1	22	AHA-DOB-A0255	AHA-DOB-A0256	146.54	50.71	-3.49	AHA-DOB-A0255_AHA-DOB-A0256.jpg
21	44	3.84	1455553.49	5297062.13	39.83	1	22	AHA-DOB-A0255	AHA-DOB-A0256	146.54	46.32	-5.09	AHA-DOB-A0255_AHA-DOB-A0256.jpg
28	52	3.85	1456216.90	5297003.88	35.24	1	29	AHA-DOB-A0262	AHA-DOB-A0263	65.17	18.75	1.22	AHA-DOB-A0262_AHA-DOB-A0263.jpg
28	52	3.87	1456211.93	5297006.07	35.01	1	29	AHA-DOB-A0262	AHA-DOB-A0263	65.17	13.34	0.65	AHA-DOB-A0262_AHA-DOB-A0263.jpg
28	52	3.99	1456221.75	5297005.92	34.27	1	29	AHA-DOB-A0262	AHA-DOB-A0263	65.17	22.74	-2.2	AHA-DOB-A0262_AHA-DOB-A0263.jpg
30	55	3.70	1456417.09	5296969.79	39.55	1	31	AHA-DOB-A0264	AHA-DOB-A0265	105.99	62.44	3.88	AHA-DOB-A0264_AHA-DOB-A0265.jpg
30	55	3.77	1456424.51	5296969.60	39.36	1	31	AHA-DOB-A0264	AHA-DOB-A0265	105.99	69.84	3.23	AHA-DOB-A0264_AHA-DOB-A0265.jpg
37	55	3.48	1457408.56	5296863.96	33.30	1	38	AHA-DOB-A0271	AHA-DOB-A0272	177.95	85.28	3.43	AHA-DOB-A0271_AHA-DOB-A0272.jpg
37	55	3.64	1457417.40	5296864.38	33.23	1	38	AHA-DOB-A0271	AHA-DOB-A0272	177.95	94.02	2.06	AHA-DOB-A0271_AHA-DOB-A0272.jpg
37	55	3.71	1457432.41	5296861.81	33.52	1	38	AHA-DOB-A0271	AHA-DOB-A0272	177.95	109.22	3.01	AHA-DOB-A0271_AHA-DOB-A0272.jpg
37	55	3.79	1457351.63	5296872.09	34.09	1	38	AHA-DOB-A0271	AHA-DOB-A0272	177.95	27.8	1.43	AHA-DOB-A0271_AHA-DOB-A0272.jpg
37	53	4.00	1457350.77	5296876.15	33.98	1	38	AHA-DOB-A0271	AHA-DOB-A0272	177.95	26.51	-2.51	AHA-DOB-A0271_AHA-DOB-A0272.jpg
37	55	4.00	1457437.42	5296859.48	34.03	1	38	AHA-DOB-A0271	AHA-DOB-A0272	177.95	114.45	4.79	AHA-DOB-A0271_AHA-DOB-A0272.jpg
