LCH-KIN-BKING11 1852207.69 5760037.44 410.83
LCH-KIN-B0601 1852174.95 5760055.45 409.34
LCH-KIN-B0602 1852108.78 5760121.96 407.7
LCH-KIN-B0603 1852021.57 5760229.76 406.54
LCH-KIN-B0604 1851911.13 5760366.5 406.77
LCH-KIN-B0605 1851755.1 5760480.77 403.19
LCH-KIN-B0606 1851647.95 5760557.84 400.96
LCH-KIN-B0607 1851552.34 5760626.3 394.62
LCH-KIN-B0608 1851368.9 5760757.36 392.84
LCH-KIN-B0609 1851188.45 5760890.71 390.43
LCH-KIN-B0610 1851066.19 5760982.78 394.22
LCH-KIN-B0611 1850914.24 5761098.78 390.41
LCH-KIN-B0612 1850787.66 5761195.25 387.33
LCH-KIN-B0613 1850608.58 5761331.65 387.13
LCH-KIN-B0614 1850513.37 5761404.22 384.26
LCH-KIN-B0615 1850338.95 5761536.94 384.54
LCH-KIN-B0616 1850181.15 5761668.94 383.11
LCH-KIN-B0617 1849994.9 5761848.96 387.39
LCH-KIN-B0618 1849812.62 5762026.25 376.31
LCH-KIN-B0619 1849683.14 5762152.97 375.01
LCH-KIN-B0620 1849535.95 5762297.02 374.64
LCH-KIN-B0621 1849389.97 5762440.59 374.47
LCH-KIN-B0622 1849217.63 5762610.25 383.49
LCH-KIN-B0623 1849049.01 5762783.89 376.04
LCH-KIN-B0624 1848933.29 5762974.38 375.05
LCH-KIN-B0625 1848797.3 5763148.13 372.5
LCH-KIN-B0626 1848640.6 5763349.47 382.69
LCH-KIN-B0627 1848472.34 5763564.29 372.49
LCH-KIN-B0628 1848341.63 5763731.37 375.79
LCH-KIN-B0629 1848195.49 5763919.39 375.73
LCH-KIN-B0630 1848070.55 5764079.49 371.16
LCH-KIN-B0631 1847953.26 5764229.73 370.79
LCH-KIN-B0632 1847842.83 5764371.02 369.86
LCH-KIN-B0633 1847702.86 5764551.09 371.22
LCH-KIN-B0634 1847534.87 5764765.64 373.69
LCH-KIN-B0635 1847347.32 5765005.56 385.64
LCH-KIN-B0636 1847223.93 5765164.05 389.59
LCH-KIN-B0637 1847070.42 5765354.71 403.47
LCH-KIN-B0638 1847014.29 5765691.98 379.57
LCH-KIN-B0639 1846981.25 5765876.93 381.28
LCH-KIN-B0640 1846935.38 5766133.93 382.41
LCH-KIN-B0641 1846906.08 5766296.33 368.54
LCH-KIN-B0642 1846870.52 5766497.17 367.64
LCH-KIN-B0643 1846855.2 5766582.85 366.49
LCH-KIN-B0644 1846782.44 5766998.57 358.89
LCH-KIN-B0645 1846760.54 5767114.13 368.06
LCH-KIN-B0646 1846710.25 5767396.05 359.72
LCH-KIN-B0647 1846661.14 5767675.52 366.36
LCH-KIN-B0648 1846643.78 5767775.95 369.78
LCH-KIN-B0649 1846652.17 5767819.98 367.17
LCH-KIN-B0650 1846718.38 5768125.28 363.56
LCH-KIN-B0651 1846748.11 5768263.12 363.77
LCH-KIN-B0652 1846781.43 5768417.66 358.1
LCH-KIN-B0653 1846823.64 5768608.78 357.01
LCH-KIN-B0654 1846875.3 5768845.11 351.48
LCH-KIN-B0655 1846914.34 5769032.5 351.2
LCH-KIN-B0656 1846945.15 5769175.72 347.35
LCH-KIN-B0657 1846981.11 5769340.4 343.7
LCH-KIN-B0658 1847007.59 5769462.91 340.82
LCH-KIN-B0659 1847063.74 5769723.89 340.4
LCH-KIN-B0660 1847098.42 5769879.41 344.71
LCH-KIN-B0661 1847168.19 5770205.31 352.37
LCH-KIN-B0662 1847189.57 5770434.82 340.33
LCH-KIN-B0663 1847209.83 5770658.6 328.55
LCH-KIN-B0664 1847223.55 5770804.97 324.28
LCH-KIN-B0665 1847252.74 5771120.28 318.55
LCH-KIN-B0666 1847277.15 5771382.27 314.04
LCH-KIN-B0667 1847298.1 5771605.23 312.01
LCH-KIN-B0668 1847316.83 5771816.11 310.02
LCH-KIN-B0669 1847334.39 5772002.39 299.45
LCH-KIN-B0670 1847365.99 5772351.23 304.28
LCH-KIN-B0671 1847381.65 5772518.22 298.19
LCH-KIN-B0672 1847403.01 5772745.93 293.56
LCH-KIN-B0673 1847422.56 5772957.98 287.31
LCH-KIN-B0674 1847444.07 5773186.61 285.81
LCH-KIN-B0675 1847479.92 5773569.09 283.9
LCH-KIN-B0676 1847494.53 5773692.57 278.13
LCH-KIN-B0677 1847525.82 5773948.33 278.9
LCH-KIN-B0678 1847547.66 5774130.52 278.51
LCH-KIN-B0679 1847576.39 5774357.17 270.96
LCH-KIN-B0680 1847600.23 5774553.19 271.94
LCH-KIN-B0681 1847619.0 5774708.02 269.07
LCH-KIN-B0682 1847654.12 5774999.87 272.16
LCH-KIN-B0683 1847617.34 5775140.78 266.92
LCH-KIN-B0684 1847561.11 5775353.27 264.34
LCH-KIN-B0685 1847540.29 5775432.57 265.13
LCH-KIN-B0686 1847506.07 5775559.99 263.1
LCH-KIN-B0687 1847462.74 5775720.04 266.54
LCH-KIN-B0688 1847394.11 5775944.73 266.28
LCH-KIN-B0689 1847315.75 5776197.65 270.31
LCH-KIN-B0690 1847270.28 5776327.27 268.53
LCH-KIN-B0691 1847202.6 5776517.58 264.68
LCH-KIN-B0692 1847070.75 5776791.82 257.47
LCH-KIN-B0693 1846945.65 5777051.96 264.63
LCH-KIN-B0694 1846855.45 5777239.12 266.75
LCH-KIN-B0695 1846742.1 5777475.42 265.5
LCH-KIN-B0696 1846650.72 5777666.43 258.05
LCH-KIN-B0697 1846559.18 5777855.47 260.45
LCH-KIN-B0698 1846431.68 5778120.79 268.8
LCH-KIN-B0699 1846376.0 5778235.69 267.18
LCH-KIN-B0700 1846289.81 5778415.05 264.95
LCH-KIN-B0701 1846218.28 5778563.68 265.31
LCH-KIN-B0702 1846128.41 5778750.37 264.73
LCH-KIN-B0703 1846092.13 5778934.31 258.14
LCH-KIN-B0704 1846058.43 5779107.1 256.78
LCH-KIN-B0705 1845999.72 5779406.85 247.85
LCH-KIN-B0706 1845950.17 5779662.64 243.49
LCH-KIN-B0706A 1845936.66 5779774.29 242.95
LCH-KIN-B0686 1847506.07 5775559.99 263.1
LCH-KIN-BLFD 1847506.08 5775568.92 263.25
